9276595975742172796151999591568235277481111936743994619735583864721862798622489583645927693376979556173737629967121427153286119875181226895287139583486263539139557658867845776654863259216634379629854749
1913723976672711511939471259712631231111111114244435883111111111172833935283623637865447133548332311111128794169918879368665768515111111111118315599751211111111979389568476276919676737921681111111111561
7652111111111339671511111111282915811115381811681642671112111111111858678111111681762236517477733115665115454951111119875536996111154937266732885973811162632611183324111111396711111481998111151158113563
7311111111111111372531115682169623111993766679872451815411126216811123414121111163922498456897416178874169132681733615882485611163834796486327256671119478569231173911195951151753211187211111748121871814
5811145536986711117575111913281693561125746462999789414828119345111154821121941112372491275398935155396466336717419713872426511913498281211113144661181478781161111137563265925411116584363311778445733664
8211695848763952118645361118834785995111912415792437184796681112341124559111824125752713859994432116238116593221189114728936617164481111876167563611986391438411712111627142186435273434277819118377553443
1911131641811117981141246592835735514881981313147255346492457539631129964311134163523411999111135711435855241281914313379255511111111794511116386217551111114116331741111111587811531425746129366335961615
8431111111111111147323229873966773536118442728744111111111424774411235999511115974217142783113511417114211592515116711964291211111221111113111955312131419331117345615684839291196365335271711136938328625
2625111111157631149798126711111111154329485245111111111111117183587366635121211867711811211138761347118775863111174931726113122716943231172714414919611245949775697569264821111114191317755111711117995985
2393723251673883678414511411222222116293515911111125766394111774527611111111111111114334883118947176269588431122132376111875955541149111354112451737558115891891711779761114365311788456911466637641749214
7769766968172651113892369112111111111161269111182656826712427183331111112212873711387869642311949254825833111222119688919184313111171911858135817787211171162639288797111631395223677661118869348714171562
5917334571834111111112125112181135832197381115741247487973368473111111912218277649815111314537166718348811111232194896621163711122112818492199315761416379612897817411449692898735173411869412815664145363
8637373132266119831271147611118279314178936111211915611111342167111728712218844291311121569473258341111111241232192935581711112222113317922249162399912823311944219851622371841969255815457395347677118559
4818111119565811558449794439111162675197473511111111116248266946116677412113556451112221935977211111111191911222111111111111112332144111287411778341811745317885118177111198385959264611815114497673111415
1571111111165893991815946656241111498587911728788584175348934731159756111173448111222321943311111198126985112111111111111713212322196115131111833799634111582657144954249636667433476114955119728384196245
9251113534111985781847384866152178235134624177146131111111537544151996111834311122233321721111572917816371111137645241451581112221196311117333739318626151111111194121449212898586538212572911325191559656
1511166324511816146679161114711848331298426599479111111111111813133151119871112223333221111221111111121111118177111119228611222211113961759274111147491594385759998722537339112389141413376291118111632511
2611739947762142611998111211113982811111111128321111125971121993131311524811222322222211111111111122111221198593611967881112232117447799445361112141551175925875792971681113961111834251772783911116684298
7411191571816811593461121111117971112111112119641217691666111572436176285112222221111115885363544111111121111129245973111112332184154815329111222116411111111125979296118635127411575351828667586313969249
4111128212847519511674121237111763121198411215581111787434711351593755111122211111644113745418371961347111112111172537765112222111111111111122222125511632911112551661468859841116717271771396954975918751
5971192481118792335663111725417614121268651215812111111174372949172311122211115196931622249837447541386588311112111149611111111111112211111223221118211374887811524742859156676989966712771296338437539134
2381111111232698916765511123329766111199391118193331111673381147511112221111565588586111111111111111199874814311122111111111813793711112641232211793411543796351996399715113984668616377829954111111112388
8387111114818246214283558111999676712144116127359513978111189547811222111412437181111119311916211211111113859642112222117344827549131937211232111232181453545111295425877985111147543313517261169873811359
6714321983158111111118534855111925911111184518177742365835734641112221138567495113459778685198744916643511116363511122118381541111156155112222122438575444473771583531651111111187921423475517975256591231
5391487329427111111111197181976537717611176388211111111195356411222211487428331223177521922111136445225123113491961112211498435689657411122211138581147714846461412651111161662266116725523313837938111643
4764735168941111726331114168233957571361819831111111111114524412222113161797911386668381111114386913711111194753491211221116973176111112221114331299354543511816498981133815121235196171228614951768656163
3411818169511118798838127716111111111834145841121134691211798112221117843281166919337111221176523311163238531879348551122211839112111222111785178531113133992453548699118311116614611111311649619343597141
4799371784922111993715831891111161111111125878121646811114921122211712967744517963721122221898814119666472571111113223112221331963331111175132233311261127658855512738111111371421161219113798265566425273
9413217745281811116221915841111596744111112529121123491179931223214219111489713521211223321193824166291139941148311932611221114123691112747819788761183511947324375453523366382741755634611188797524156242
6389197796172271411116728323111144157371112721112143311124411233212763111111111828912233322119375264711492611498254872581222211199128111766958478511743561136324799711111552711917256192111853642111111157
6114142329642695291317166194711118722334911523711113911536612233216273914893316387412233332211111111111738311618997897751123222111111111113762692994155741132917751138241117533914691281131934951993151129
1451132431111427926586117588741711111181414179811168911875712333217827445213464639511223333222222222221716911717624387169123332222222222211152361871811252112394112269664111169921666316146419311576811158
1391155611211125331111115811519561155421651622374439511722512333218151118855866546231122223333333222111111111543471132561123322222222211111542278193346821719466119576411411165237392472518133552416211213
5411172381216559811112253578428732897421112673326646731695912222211111111111415664443111122222222211181112213741782111193123321111111117611928515738582538113744375121196111189211672377513831884885432946
2321131631114247111681252512872121111111211111119513221274412211115387849511114875579197111221111112864912211384874111222123321167652936699695765345179188113998125118111181553756181111111463486398789828
8631153111127611112995522147851111222222222222111141531378712118514821318125111172356949141111178959911112221617297911539123321139117621711111111115211329132122778193856639268111111966911114615868872459
1442116111863343111277111776411222222111111122222111129412911194411134218399131111192342822241127111194312221168863111319123322184664471541441869111559111184329244599459867557114471421919118734612899984
2813111113448467611111195287112222111176664111122221119811116561111284612182612611115318153228672173761311111715144211968123332111792559368177391419932725993631111111113266821159548191611117824111115442
1968723318516578642189963211122221149748397682111122211112211111121889119693345719111112411458581529111111511173961114757123432221118273674873635711178993476111111216211188521519896241111445891127111514
9419558454119479497438728551223211971811111146773111122222211888389235111211149133821111111111111111111112811579441113538123433322113642991938391141883277566163118926421181161161451111536396771693641144
5598115331182511978994728911233218237193814236986152111122211637771933119778941141164441221111111111111376117871211586451123332222211852822891113921419266871184211768111683941162435497769982613251281142
9171836531294611131941913411223215235536645495581953758111111111523814116385916437233111211664565552616791114617118352511222222111111116682717874835411147633113541311166934215699642111111427368471511471
6459367911349711351811723641122211445331111111112234546447676145458212988222135861111121111823919462237111118881189175912232111182331811314135821111112111488511214198336615765223611115111112376659757288
3972983511811111816123473943112221198331122222111154654476933561196792183599111111221111994598639584184791199311582286112332189581312111111111197246122221114993167179172286259765711527125111153647549315
5142547411112112341133811318511222113563111122222111163798393664736877111111122222111843463175789825517471194317152922122332126629593111167111112766123322211165711168421111111117413894691185728479766759
7457214796111125641111821651611112211111636111122222111111111111111111122222222332117913267481111153412351276654748911123332183511386115372411261341123333222112197158111111111118511351497226218711121877
2615511952794134911529111522455811111111139736111112222222222222222221111111112232111111111111111617229811163414556112223432111244438198923118645111223333332211625341143451599115261115618736861116111943
8312661111386816671263111228781331721111111787675811111111222111111111811453711222222222221111913163111125477418751122333332221541474371911167993112222222333221159811819398651115986681111721111132361111
5528281113556588751111111163141128716377227759919457799831111145561425668372871123333222111877125111116811141922511122222222221788182293119118241122221112343322112611134698111178177831863826615576251618
1992317112958129131111117181111111395673899795554982788153853111111111551545734123322211164173891114982111341597112211111111111191813111161516711222211112333332211711794821112321763111111518564231411975
1518266113375311722811135961111111195379611111115838685196191194931311761233721122221112196786111168611185461111122112956784989583571148542393112222113112222223213111882115157411111111111615174853889111
7119812111351271165795715111651331113891511111111847243421526921425115718391111222111995649611529791119435742112211126571742818949711313319511122211121712111123211157733368599111114652491229187475158872
1411213111127799119162754113737211196724511164111821166611112469451165381111222111169245541117756117412148231122114493979811111141282895961112222119311111142123221894687594551111873446859423846469139964
3271117119695118118645817112726812173177611836581173951113134996114175111222211134351179383985111526916724111211176141228559111963948151111222211186111111119123321483534523491114986528569846616111153164
8841511135319115116964561175241311172115148141248587111541979611992911122221119642731122929692116781152371122116536911911117899547221111222221116797171117879123321286761511187111185174447717111141111997
5687169513712811119541511632454111295111111316797252118754791198291112222111689244736111117931141116186111221172347319712124648111111222221111819113361119598123321154674112168371111111195956115682381149
6526695335486961987596481796881158994111111626749291197361118885111222211177722385793912211641111781911122221698693425558111111122222221111697221375311141941123321378411122119299112722258621115952881181
1351211764326726352474677645432155861192211152532181124111739871122221111941643535247112114685787698112222221111111111111122222222211111121679112686111166541223321781112222213555128671696964199688441181
3913881336412274311747726388843613521816912175226554111338547811222211745934191798124121158448422211111111222222222222222222211111113778524381168181111162181233321111222333211785411111115212912451221153
3818111153161924812532324432215957981664712119626699985734111112221112418115495813111111968118111111992741222222222211111111119988876429511111589111112131711234322222222223221654111994791589197595111822
5318841445188193214291151111111394485332611193519318181373911222211267441194226819121111537411114927371111221111111118894321785621752251989424141111574513112234333222111123321173116519461127956562734445
1239281196166139911112132419511165961246611544921451793446112222116122113425813611111217461111143881111111111118151911179773111111111318512753111119247311122333322211193123322178111716182754761123398327
3621331154118119971136768385761152227678117394193711151451122221185591173262181211174947611151687111111118798541883183341111111111111111744111115997781112223322221118656123332182118618195936389469947131
6712621129112715491184258456911377874647639331111692134611222211918811281711511116992361111543881121112643978883136111415779175988812214581117658734111222333221111677939123432139411192753275379311115399
2141311675113816176111539261115372417147456811235825124712232119389115179118111159687411114789111111861237861547455111514341581267412114414183651421111112332211888962982123432171124722985858217412511729
3991116547111114614554111111946553149219711611545981117112322116181144211111111698588611167421121188512372411764211144426312515543111125992854144111115812322114918921165123432157512875325528691161111496
3267464365411174256193876743822181515411118211621711472122321154411449111124454571119111443711211891131183919461115736113872867711113648967618971115294112221129117161127123432142644961111199527184581937
9785693868846691234616754953784211112961127811754115228123321168719112113842872388345111513112211236916351117911175912451431111111632464857361111169181122211186116161139123332144511117943261185846775266
5437197113794273519497111859597111546121477931111146851123321249134928113688417111261117315122115812116441112711671452111111111125584633342811111541411222117996411731181123322152411518325211185846692748
2461227512673275611794877411139911845111983876851783841223321755123449112778483119151218331122182371188561246711349161259859521167259926711111645327112221134448111191931123321172118384518211135621839991
7311642116452379941115543761579821111188132827342185891233321817886688111378121162381218241222138381243281781811889211342171681115111111111194755311122211354477612111171223221727114134331119722372253834
9451711174737386191111164111938626179217596419524414161234321349111111211126111179831213551122131691172351514718117331339247711111111111849459778112222115251389111111141233211881418427654831264111111347
5771111121911328171161111115771276512748544138131197461234321519371113389111119531751112422122111185115941145115312159389681111241577225511138531122221181111511157414911232217746811496359785111942911556
1139581866115961187996718842939614888857371171111237441233321133648113345879981481842118557112214762911643162613741111111111176954951111187965111222111694678711589466812232117388871111617511792962112665
1454447453111116184242265462416371155595611119511359561223321823411111656892513119395111792611211749681111182213761111111366526143116863199211122221189951581611193969112322156992261842722119186441147631
3342466511131891179112196736321841117417433112281196571123321291111158711111111113455311138111121165338611788914479282555677624258378814211112222111395716897991111251122221139861111842491181479413979119
5336975111181811749232113831131361114314274611111199495123321142118573411986911841874911116924112117499526117117472222111111879826362247111222211146668233711111127711222211255111111159911679321391627231
7811791155111111615356116581168511189783816697827394647123322129111595511574586714191859111263611111112781189353598111113861119942812111122221119841263592113464915112222111881112842114211326942381678589
4513158445115872829849111864111111928621611747212755115122332116111141451882776332111283151111843122211115263517915282492151462751111122222111832451115549213484381122221116641131745111521111111129443513
7115253165617428918634114875256417793125111198111118991112222211321153418875118842111755543411111123222211111148626695137691111111222222111168114985211513488434111222211615324168931391969541694519111753
2182812475769225196521111346856395241367332926135771116411122221216171243175811181311156944357111122222222221111111111111111222222222111113613786899811171368351122221114181911117828321134923438811561921
8111537511282811197611113125596452111334864958581198119844112221147568985435911157931111861111721111111122222222222222222222222111111121717478111163211266415111222111697812588116816481117997152112631169
1922193134185939111115759479115911311113177473611111134854111222111857113563131111212111119941695413682111111111112221112111111155692437253911111348411721911122222181399954111117371111133827293181661194
7829341683715862511721125127916821815111111111111125984647181122221166111197589111119489113177211112567459764251911111811131326851337625211111114713112391112222211115993111111191619711199262676122761196
5328351538248191856359161753862811295653348134967423312335463112222111122111435131111111111329975731111111111451535934185211111174871711112111355175885111222221115614111772119297632463178391359519911858
8914951166262141112658971117161125744792111771862146525417541111122222222221111296755111183575444559413971221323311111111111237936111112211168857246111122222111269711663881138692374144311581162129511258
5471686115817313619151243111115281158159311923336111118911226864111222333322221111971322391443511111111111111464126141111467111611112211117993521111122222211194574115882698957424753261942743128981194516
3435163711154893516178917726728475511111111149271911271111517477521112222333322221111165644873745451111111643815425232371311111112222218768111111222222221112697311532893227681933111111196176111111479553
3799111844633316441111111433196814189541511721934896291822579815796811112234333322222111111147139519875741876144889511111111222222333211111112222232211111729329711111185958918111113842819549784967973371
6192511941769331111791286711681674751757464828471123749421417442397128911234444333332222222111111111111111111111111112222222233333343222222222333332119777584622645729894297511115582648312544969211111675
3288261584559649221115986445113494333655473369911941122523614445419131321233333333333333332222222222222222222222222222333333333333333333333333333332183767979664754817696411751119755811119516885113931716
9539951188118231215111128131117866711111111111111111111111111111111111111222222222222222222222222222222222222222222222222222222222222222222222222222111111111111111111111148823111111112526113288118121385
8485221169187877179746111118475819437811811111111111111111111111111111111111111111111111111111111111111111111111111111111111111111111111111111111111111111111111111112111213722159665399515275521128563417
4471911866176339611156529392983213167913998111343245258515635986157331715111581955851386979553264246939349671264151663761532957615674728558314265499916486478412112497255172747268291111111113921147495398
4433117677611778167616486714643763624311341442411111111169132711119483318233561111232366558111111343647776362688391759761111168479943573111429444435781111111112677836111111178943811387988911214193368625
1875358245211111181716811114662184287848118632119386111114411195511118755811111111111627841164239111175227436111436243111111111113826111111111184328911111139111888461186671114166112939426831643111335169
6739721351277321133143338421112393779114861861246275991193114722181145335183486239121925311815762514736712514823117841154829996117221133248182118813911169575437759966829578116113115285977111321915764887
5385116453746671878263115528113471111978111261952645111114161531111626134917118611111792116978793171377811769471111991141642993342111522279653124231114457255458534987168892611257111119918331539158578948
2666158278286347291143593111184861115672117938489224166344151111962424269592111111594811391999917945212132114233811733115247547837141435814592531197116366511137386644988137614819281131891654897267499272
5341935871618617256661181269118341621141157421342819869951368546914921469426719924795379384267139811111198631114181991141971328159681339611531982766645711132548759412634665497848987247664916123111119541
5151922192341387771479711672926491594496722825711586311691355357942318136639914112715617311248474111737811366833363457564691748119241176671111141822179512122416611168492739118566644118594639561171911584
8391976175318129731268861817356111111193228929133411111111156591181111111216734148983171111111377144795921767636197318944958829193941611247847911119869117161514577118969115699391147811843419455854511697
3391523229657116814679311973911974979948111181787533496138911692111777331114762316513861136811227816534239138913762856685372651161237178592311491112398116387278466111149132662155399451421541799868511161
3181111613741234781137119845968888946665631186417346615176113574341128811114176278112681331118835355396932894771117858729944363112479189639733111119297611125114548741111195969111921711653651184869114653
9242111111118799829111141365936611111111192489246431111111823149115911111192365655446111111195628921489172541979111111111464318441111123756961652843525481111177478676759175378551411794395184211111185757