99999999999996697388638246991095094984132448705177520274849360952350571899443960767072897585137388822252433694867845838887125640356070843680144060495566056720398042585236500176
99999999999965190992673326512686299746834214101258979616386136485073365263552950580696906988317702423781278564076138515614873187308304844915283200155520883081451622744220365834
99999999999995919999179399184951159610512257238483132390344266766409160907226567510732737527541428579481135692392084441272557454827880789785443651475047696092272278264993942125
89999999999999999999999997092497904873356406511970884999266484721585017428082257361434947037769999989605694467297372117876169235650087214231707949038023768291837214475949797823
29999999999999599999993918292770039135791313928889115405772273718500511900760048439999999220999999995781599999995655798307033692959437512345812239468945856720881452964053359207
83199999999938799999995510708039324219408976186697498222866946353922104838322909999999999999999999999999999999997552369997815196951416785747715751480940698212213681521701316786
79999999999928394499959697545015959684734785618511808444944426024595030599999999999999999999999999999999999999999999999999897100629062551740047626374937042302084305105828321633
44499999957550948197133221348788290045596670939454935947978637533502520159999999999999999999999999999999999999999999999999976657999743483796181733215661974286844713677273016602
81999999923400929995128206948636695669918757983798843421647346545399996999999999999999999995524499994114299999999999999999999497159675931812449749207249833526036731481540893488
59999999944959022447689295600482201292305494076857663464082888999999999999999999996211199999756319999229319999949999999999999999999999638974180748120271215286207452984132529956
99999998478697730955298215822545901882268189895929913991119162026999999999999189999911038567198958231313159969673788999999999999999999074152485633854554530209818712208040271892
99999992599991799931339274923099772746036856752602146083320611747999999999813930116164565688709739549321640640615675999992999999999999996319917583328650377741929185170610257423
99999999999999999582957859843012491274362244886831509303199999999999994999931446452512497670242874583676430586699574599977131499999999999975243192271600023394404681501960780302
99999999999999994714538999213256739012616500537288701863989999999999949770852730999148517083438009162626049361811048565591416499999999999999999979778334286968717011301831309315
99999996119999996892942345017477887587833991292874782132409999999999991864740272210808479024621238575909546723992887735141570999999999999999999955787406382676417141443422231744
99999994114166180480575048222358972122778986202474893606999999999995188368892746824030852854081303732377440245913008940154147149877692999999999925180961010514861593882063270391
99999995674082307930154150300896600520120629034890312999999999999670226041890736125219833520760523598986146011451990941947062803876638899999999967411699518278868704376318139875
99999922846617951892567443643918012970791565708893999999999999997416616370058855731392597597277630983627718812238050746175828003175229699999999993999255981079004475499281823004
99999949450882192994541049774528805681928488774863673999999999680736018817152978030568655018690713227704751909977624898124909080998769999999999999999999908735718738409029111099
99999920999057683733659425511154671370724542950317419999994683330344353737593318567668779421924987338485192339190746534034827056335200999981999999999999998513029005710200214284
99999979994099914269185244876778104356560347131831999999987329429902451555445821780084799904993749873631857652835705761400802903950929369684179999999999993024779195118790739106
99999949999993003996041990638708387384487939511114999999999115875459070026740283957999999999999999999245492972467991460261718933484641541461910999999999951333308131895781017484
99999999999999895476960147964970700352543682103542699999323392620634068145481629999999999999999999999284282728237637921014488608051108194842723999999999698985315258161875638451
99999999999999387603206171634522928255161045925778799999584846164192872830539999999891283099849899999999900764182028653697764989620456012615999999999999843817499089886901595007
99999919899995694384442707741545301295805301258219999999961132753218687109999988916172509744141663939999999941708475056630865798590539717463599999999999999954222846430959731053
99999991183427936938678610430527940220359410712799999999917607317785027249999141657094771712419376793999999992318071544603816881777336011271221981139999999399999833742039160239
99999913123659937993955280520001543206059919231999999999124743537032382999985299488284215535218066077659299999792247902217800216892196978048914930852999999999999964111901629585
99999990854036268171082753563010287702463893799468999999203651483908065999949601008888884116803318007648399899999523708179649707588110592857526071599699999999999903121142726358
99999965843947991168575840624747435003219900283124999999939900877158039999652286888999999999208064412654574749999521149148003402320148595752939583361599999999999580491943910478
99999916992929991553197393100867145346126356401499999999200497099184719992318348888866820199992242239922661999999929124677509423583737173140011892199999999999996698418179087895
99999914999999443824203585906905664373259056634439999999623098372075749991971388888888869300999678246484190699799999188249305111943339893886350524099999999999995077732177152237
99999999999999998667222042888449429422531308853793729999934514480064649998992788888888884871199999643551935946799999250243781992911004247987086037471491899999999999745960259060
99999999999999983420926665748354147732877686505123999999994232609973153999208748888888888286229993921621812866999999697532410056416707441906071056158947039999992799997902091155
99999999259995781494226431102021963703724424473832999999344485739394130499938593888888888266719993439429861815469999895896680111665247350714204937807538599999999899999941826194
99999999974431374869981640155564458854263052029336999999999156707348785899998233953888886801269999909373785539972999995274462697221939207483824468697137656999999999999996084874
99999999924669869018579462095729252293659071233893570039999989387937370782999999999998868390349998979662943437699999995282939780857717086376528931199697286099999999999994937022
99999999961647923795377735373513364199473820707135948899999955292117746307300688888420382076099997090749122472499999989555742487028611304030469715973304099999999999999942331900
49999999995139626998125829837801365617316411784300752899999999987022323051077286837182450901999947450846663349949399991911042980408696581293014807653899999999999999999298725124
79999999995299911993583820743856396673992606900222455662219999946168173267928845695314649499999951610377912281245999999414016045052352505653256691786171499999999999917271987756
81769999999559999999690230551384861924693557326659350796189999999997859548755365900246645999999755969454756189999999999101052745230825038209458826711277399978999999999981151723
38209999999999999999842707310352045115973992188952504469799999999992499892816248060292999999922451747546795240938999949187548548182788655194044180698462283965959999999998796899
60471999999999999992637269638844121537799974336260744291382825499999999494999999599999999992492893900217946399969999968829476572401313509623700725687895132155721999999999933414
92499999999999734753354411386012639450520225576634549599126212999999999999999999999999961707697854855657922734889999999484583840927030165832175245067499753581753699999999999824
03999999999999990243388422641176493207436575624478483683036991616644899989999999999549613571380822270821948949999999999727967346680360237891559860498797216158231599999999999993
51999999999999997393107649125253481337212322628503159773979848802763283611299226112729740969952676890536925121999999996078221002840303597484527766045753175419299499999999999990
62699999999999999390164799363740530127877759741670519245605651919384085372400511045848437074129206906235111978999999151187530397080433771116839147840029542999999999999999999915
40981969999999999998999999999968748105985654256965362234156840334213318295967974270357208930422229665968579999999999086361691354811376031553752809500034373999999999999999999123
02217791899999999999499999999449259226063987271416915635836353519904000416829978242567204218287328762384499999999999423820492564750862010994688488742340578799999999999994991398
58539999734989999999999999991759273055701553165101692879489428205468847833185797480467991239984443593924629999999999147779051184499954083698513602336152769997239999999975114849
99931478628739999999999970169586676491027776936280516424812380405361499873884061534474111187190013483315199999999990887186991018921246444072120149306478829448241999999970943824
68466973685074999999999999382055434932273301281001426289127432799368883996854154387293331000226919429999999999959547345113165106362656528030914126451012497540885999999676999116
81931777391779999999999999244652424998573199019380460072171362489841838661362171060518699049964987999999999999934627834016955506482661002449758268787969132499734999999271891161
84789133251939999999999999999918999999952206983725013427667491220620995752859107920497958881414299541999999999999940260271623165067777543656743809244996755715759999999654999993
49759675187619999999999999999999999999932792371732141664178104893811252851770622152022510628748928376999999999943729206773494468858895942915427321435047557198449999999999999999
85744726479242499999999999999999999999972850289273225623145292402208734196267254275998642599999992699999999991217038943908620328553420688945669830609070706599999999999999999999
50463621954527633691559859999999999999999546989999956611822392644573252700761197518738179445999999999999966813788485652298000176682396934987126421107482729999999999999999999999
06562806037854763999437511999999999999999998899999993298792415982646668022318724999899911445299999999999775621152242972121651254711435181319735706572413792999999999999999999999
96985923884510497423691074799999999999999999999999954724829999982499649929986214859999999999999999999999896247242716237111623929166358708972326163647254163999999999999999999991
45787260709195876933475119299999999983999999999999994157833899992833595899999272599999999999999999999993500219144815734625507501235621895489343313694353799971499999999999994685
66058855663553093324575534299999999993749999999999999999999999999544298999999999999999999999999925899447583288377989316491425980788482466578834876170913891197395999999998879531
62556457118229189599577927119999999699988199999999999999999999999999999999999999999999999999992309726817503436311085919563295854544065252760780020619647357520332069999999903231
14933216832887581699999985939234999702001999999999999999999999999999999999999999999949999999999997176041743085567224268331962351045047291399310902729325283705947591899999999074
56305654892482524644618714244894499914278799999999993589999999999999999999999999999950729999997104884826131491680598452475146485856764687323239252192742238329425245799999999981
22521705133503809773627914789438629523439179999999989959189999999999987199999999990291370852146535583257964551377695669050001996210813770815829703545921720194186055640999999922
67339274548972989383844069757043674716179201999995974923549999999998985882999999999964127139284316390615072557083289361447571740150963247969793650228180242327931899998999999992
45547094016866773688164515423531086794117301957517993738595999999942732197584989319962836184149257195312455773133054800667134820535342328535330949673079999999154299999999999998
72994992253370614233861580224932048656366700412841999040477631442199433644376855764148128224605529864312761141757638688384422272759593981514950777957199999999936799999999999999
94333863983729125958978595864233865097309078513669138177181478855377752786922531269690540772932296951643355374872724191622566811931100077914091984696449999999299999999999999999
43661828812267611872899608535271256174772000661940962491374478001314393294859079847182032308007367193072641069593157154440487897485850961479320833521359999999999999599999999999
50506658332930757846462122499956881040582627067913845875929093890430094731507666320842508313334144332249547309957421157022378830882490314541246372799994339999992963999999999999
56589223959201226354013656018495498952334390886202668740146871849185075674256407682777032736636446001701526643304621576634077032700156997946444946998499519999836328399999999999
00656790632217935099426750790947363531480205313819605305384837289991090142494237041738239031217801394012267600670550206319577425382545221479999429645272313749918226899999999999